1010010001000001101001101010100000010101000101100001100100101010
0110100110100101100110010110100101101001010010001001100101011001
1001101010100110100000011001010110011000010101101000100110100100
1010000101010101101010000110011000100101000110011001100010101010
0100100010000010010010010101010000001000001000010000000000000101
1001001001011010011001101000010010010010000001000100000000000000
0000000000011001000000100110000001100100001010000000010001001000
0100001000101000010100001000000100011010000001100010000000010101
0100101000011000010110010101001000010000101010010001101000010101
0000000001011000011001101001011000010110100100000000011010000110
0000010101011000001001100110101001100101101010010010010001010001
1000001010001000000010011000000101011010000100100110010000010001
0100101010010000010110010101001000010000101010010001101001000101
0000001001011000011001101001010010010110100101000000011010000110
0000010101011001011001100010101001100101101010010010011001011001
1000001010101000000110011001000101011010100101100100010000000101
1010010001000000100001101010100100100000010100101000100110001010
0010000110100100100110010100100001000001011010010000100101011001
0010101010100110100010011001010010011010000101000000100010100000
0100100101010000101000000110011000100101101010010001100000001000
1000010101010000001000101000100100100000010100101000000110001010
0000000010100100100110010100100001000001011010000010100100000001
0000101010100100100000011001010110011010000001100101100110100000
0100000100000100101001010110011010100101001010011000100000000010
0100101010100010000100010000000010010000001000010010001001100101
0001000101010000011001001001000000101010100101000100011010100110
0000010101011000010100100110100001100100101010011010010001011010
1000011000001001000010000001100100011010000100000110000010010001
0100100010101001010110000001101010010010001000010110101000000101
0000010001011000010001101001001000001010100001010001010000100110
0000010101000001000001100010100101100101101010011010010001011010
0010001000000001000010011001100101011010100100000100001000000001
1000010101100101101001100010100101100101010101101001100110001010
0110001010100100100110000110100000010001011010011010100101001001
1000101010100110101000011001011010011010010101100101100110100101
1001100100000110101001000110011001100101011010011001100100001010
0100100010010000010110010001010010010010011000010001011000000101
0001010000011000001001001000000000000010000100000000000010100010
0100000001011000001001100010101001100110001000011000010001011000
1001001000001010000000001000000010011000100101100100010010000000
0000000100010000000101101000100001010000101010001000000101101001
1010011000101001100001000001001010010001001001010001011000010000
0000010100000000010101101010000001000001001001000010010100010000
0000100010100100000100010010000001011000001010010100001001000001
0100000101010001000100100000100000000100101001001001000110001000
1010001001101001100001010110101010010000101001010001011000000001
0010010010100100100100000000100101000001000001001010010110010010
0010001010100101010001010000011010001001001000010100001001000010
0000101001010101000000000000100010101010100100101010001010001001
0000000110010010000100010000000001010010001010000001000100000010
0010011010001000000100101000010100010101100001011000100000010100
0010000010010001100110010100010000100101000010010000001001000100
0100000000011001010000011010010001000100010000100100011000000000
0100100010000010011010001000000000000010011000101001000101001010
0001100000100000000001100110010101000000100101100001100000100000
0000100001000100010000011010000000100001010000101010000000100100
0100001000010100010000001000001010010000100010000000010001000000
1000010000101000100001000101001010010000100001010001000001000000
0100000101100000010001000000100100010100000001101010010000001000
0001000010100101000000011000000001011001101000010100001000100101
0100000100011001011010000100011000010100001000100000101000100000
0001010100010010001000100001000000000010010110100000010001101000
0101001001010010001001010100100101001010100001010100010001001000
1000000110000101000101010000001010000001000001100100100110000110
0000000010000000000001100110010110001000010010001010001001010101
1001001001000000010100000100100101010001100000011000010010010000
0010000101010010010010000001101000100110100010010010100000010010
0101011010001000000010101001100001010010100001000110010001011000
1000010001000101101001001010100001000101000101101001000110101010
0010000110100100100010010010100000100000011010100000000101001001
0101101010100100100010011001010110011000010101100001100110100100
0010000101010101101001010110011010100101000010011001100010101010
0101100010001010010010010001010000001000001000010110010000000100
1001001001011000001000000001011010000010100101000110000000000100
0000000100001001010001000110100001100100001010000000010000010001
0001000000101000010100101000100100011010011001100010000000000100
0101101010000010010010010101011000001010001000010000011001000101
0001001001011000001001101000011010010010100100100100001010100110
0000010100011001000001100110100001100110101010010100010001011001
0001011010101000010100001000100110011010000001100110000100010101
0100100010011000000110000001001010010010101000010000101001000101
1001010001011000000001100001001010000010000101010100011010010110
0100010101011000010001100010100001100100001010011010010001011000
1000001000101000000010011000100100011010000100100100010000000001
0100100010001000010110000001001010010010101000010000101001000101
1001010001011000010001101001001010000010100101010101011010010110
0100010101011001010101100010100001100100001010011010010001011010
1000011010101001010010011001100000011010100100100100001000100001
1000010001100100101001000010000101100000000101101000010110001010
0100100010100101100010000110100100000101001010000010100101001001
1000101010100010100010000101011010011010010101100101100110100100
0101000001010100001001100110011010100101011000001001000100011010
0100101010001010000100011001001010011000001000010110011001100101
0001100101011001011001101001010000100010100101100101010010100110
0100010101011001010110100110100101100101001010011010010101011010
1000011000001001000110000001100100011010100101100110100010000101
0100100010001000010110010001001010011010101000010110001001100101
0001010001011000011001101000001000000010100101010101011010100100
0001010101010001010101100010101001100101101010011010010001010010
1010001010001001010110011000100101011010000100100110010000000101
1000100000100010101010010101011010101010010101000100011010000100
0101100110010100001000100110000101100010010110100110100110100000
1001100000011000011010010100001000001010010010000101100000100101
1001011001011010100010100001010110010100000101100000100110010100
0101100010000010010101010001000010011000100010000110000001000001
1000010001011010011001101001011000100000100001000101011000000110
0000010000011001010101100110100001100101101010101010010001010010
0110001000000001010100011001100100010010000001010110011001000101
1001000000101000000000000000001010010001101010010110000101100001
1000000101001001001000100000000000010100000101000001011010000000
0001011010000101000101100010101001100100001000101010011001010110
0010001010000001010001010100101010000010010100101010010000000101
0010010000010010000000001001000101000110001010001010000101001001
1000010000100000100100001000101010010010001000000000001001010000
0110000001100101000101011000000010010001100100100010100000001000
0100000100100001010001100110100001101001101001001000001001100100
1000100100010000000010000100000000101010000100001001010010000000
0101000010010000001000010010010000100010000010000110100000000000
0000101010011000001010001000001000000010000000010101000000000001
1001000001001010100000000000010110000000100100000100100000011010
0101010100011010010000001000010000000001000110001000010100000110
0000010000101000001010000010010000100001010001100010101010011010
0001101000001010001000010000001000000000011001000101000100100001
1001100100100010000001011010000110000010000001000010000000000010
0010100000010000100100101000100000000010101000001010000000101000
1000000000000001100101010000100010010000100000011001010010000100
0110010100000100010001101010000000000101000000011010000101010000
0010000010001001101000100110000101001000100010010001011001010000
0100101000000000010010010001000110000110100010010010000001010001
0000000000011010010001001000011010010110100001010001100010000110
0010011010101001000101100110101001100100100110001010011000010010
1010010000011001010100000001100000001000010101001000010001000000
1010000101000001100001100000100001100101010101101001100100001010
0010000110000001000100000101000001000001010000010100010100001000
1010100000000010100000011001000010001010000101000010000110000000
0001000100000100001000010100011000100100000010010101100000011010
0101101010001010010000010100010110011010101010010010011001010101
0000010001001010010101000000011010010110100100011001101010000110
0110010001001001010101000110001001000100101010101010001000011000
0010011010001001010110011001100101011010100101100110011001100001
0101101010001010010010010000010010011010101010010110011001010101
1001010001001010010001000000010010010110100100001001101010000110
0010011001011001010000100110001001100100101010001000101001011001
0010011010001001010110011000100101011000000001100010010001100101
1010010100100101101000001001101000100101010100100100000110001010
0110100010000101100010000001100101101001011010000010010100001001
1000100110100010101000001001100110000010010000100101000010000100
0001100101100110101001100010010000100100010010010000100001011010
1000010101100101101001100000100001000101010100100000100100101010
0010100000000101100010100000100001101001011000000010010100001001
1000100010000110100000001001100110010010010000000101000110000100
1001100101100110101001100110011010100100000010010001100010010010
1000010100100001101000100000100000100001010100100000000110001010
0110100000000101000010000000100001101001001010000010010100001001
1000100110000010100000001001000110010010010000100101000010100100
0001000101100110101000000100010000100100000010010000100000010010
0101001000101000011000000000010100000000100010010010011000010101
0000010100001010010001000000000000000110000000000001100000000110
0100010000000001010000000010010000010000100001100010000000001000
0010000000010000010010000000000001001000001001000000000001100100
0101101010001010010110010101010010011010101010010010011001010101
1001010100011010011001011000010110010110100101000101101010100110
0100010101011001010010000110011001100101101010011010011001011010
0110011010011001010110011001100100011010101001100100011010100100
1000010101100101100001100010100001000101010100100001100100101010
0010101001100101100010100100101000001001011000101010010100001001
1001100100100110100000011001101000011000010101100101100110100101
1001100101100110101001000010011000100100010110011000100100011000
0100000001000001100001100010100101100001100000000000000100000010
0010000000100001100100000100101000000000000000000000000000000000
0000000001100000000001001000010000001000000000000000000010000000
0000000100000100001001000000001001000000001010010000000001101000
1000000100010100100000000000011000001000001000001001100000100010
0000000000000000101010000000100000000000010010000010010000101000
1001100000000010100000010100100000000000000000000101010101000101
0001000001101000000000100000000000100010000110000100000110010000
0100000000000110010001000000010000011000100010001000000001000001
1010010001001000000000000001100000010100000000000001100000000010
0000010001000001000100100110010001000001001000001010010001001000
0010000010010001000100011000000001001000000010010100010000100001
0000001010001000010110000000010000001010000010001001001000010100
0100010001010010001000101000010100000110000000100000101010000010
0100000101001000000000000010010000100010001010010000011001001000
0101011000010010000110011000000100010010000101000000000000010110
0000100100000000010100101010100000000000010001101000000110100001
0100100010100000100010010100010100101001011010000010000110011000
1001001000010000010000101000001010010001000001010101100101100001
1001100000000010101010000010010000100100010010010001100100000000
0101011001011001000001100000100101101010101000001000101000001001
0000010100101000100101011000001010010010100100000001001000010100
0100010001000000011000101001010001100101100001000010001001011010
0010100110000001010101010000010000001001101010000101001000000001
0101011010000010001010011000010010011010101010000010011001000101
0101000000011010001001101000010010010100100000001001101001010110
0001010001001001010100000110001001100101000000100000011001001000
0000001010011000010100011000100100011010000101101010000000100101
0101101010001010011010010101010110001010101010010010011001010101
1000011001001010010101001000011010010110100000001001101010010110
0110010001001001010001100110001001100100101010101010001000011000
0010011010001001010110011001100101011010000001100010011001100101
0101101010000010010010010000010010011010101010010110011001010101
1001000001011010010001100010010010000110100000101001101000000100
0100011001010001010000100110001001000100101010001000101001011010
0010011010001001010110001000100101011000010001101010010001100100
1010010100100101100000101000101001000101010101100001100110101010
0100100010010101100010000000100001101001011000000110010100001001
1001100010000010101010001001100110000000010000000101000110100100
0001100101100110101001100110011010100101010010010001100110010010
1010010101000001100001101000100001100101010101100001100110101010
0110100010000101100010000000100001101001011001000010010101001001
1000100010000110101000001001000110011000010100000000000110100110
0001100101000100101001100100011010100100001010010001100010010010
0100101000001010010000000000010000011010101000010010001001000101
0000010000001010000001000000000010010110100100000001001000000110
0100010001000001010000000110010001100000000000011010001001001000
0010011010010000010100000000100000011000000001100000010000100001
0100001000001000010000000000010100001010101010010010011001010101
1000010100001010010001011000010000010110100100001001101000000110
0110010001000001010100010110010001000000100000011010001001011010
0110011010010000010110010001100100011000101001100000010001100100
0100101010011010010110011001010110011010101000010110011000010101
1001010110011010011001011001010110010110100101000101101010000110
0100010101011001010000000110010001100101101000011010011001011010
0110011010011001010110010001100101011000101001100101011000100100
1010010101000100100001100000101001000101010101100001100110101010
0100101000000101100010100100100001101001011000000010010101001001
1001100000100010101010000001100010001000010000000101000010100101
0001100101100110101001000010011010100100010110010001100110011010
0100001000001000001010011001010010001010000000000010010000000101
0001010100010000011001011000010100000110100101000101100010000110
0100010100011001010010010010000000000000100000000010010001011010
0010011000010000000010010001000101011000101001010101000000100100
0101100010000010010010000100010000011000101010010010001001010101
1000010001001010011000101000010010000110100001101001101010010110
0110011000001001000001100110011001000000101010001010001001011000
0010001010001000010100001000010110011010001001101010011001100001
1010010100000101100001100010100101010101010100100001100100001010
0110100000100101000110100000101001101001011010101000010001001001
1000100110100110100000001001000110011010010010101000000010100100
1001100001100000101001000110011001100100010000011000001000011000
1001000110000100000000000110000000000101000010010001000100010010
1000001001000000001000100100001000000001011000000010001010000001
1000100000100000100001000100001000000000010000100101010000000101
0001100000100010000001001010000010000110010100100010000000101000
1010010110000101000000010101001001000001011000100001101010000110
0101100000000100101010100000011001101010010010100010010110001001
0001100010001010101000001001011000101010011001010101010001100101
0001100101100010100001000010011010000101010100010101100110010010
0000000010100010100000010001000010000000000101100000010000100100
1001010110011000010000001001000101000000000100101010100000011001
1000001010011000000000101010011000100010010010010100011001100110
1010000010011010000110000000000010100110000110100000000110011000
0101000000010010000010010000011000010010101000010010000000100001
1001010010000010001000001000011010010110000001100001011001000010
0100010000000000000100100110100001000000000001100010010001011000
0010000000001000010100000100100001001000000000001010100000000100
0110000101011000100001010000101001010000000010000001000100100101
1010010110000001100101010101101010011010000110100000000101101001
1001100101010010001000010110000001011001011001100100000101010110
0010001010001000101010010110000001001010100010101001010100010101
0110010101011000101000011000001001101001010000000101000100100001
1010000010001000100110010110001000011000000110100101000101100000
1001100101011010011000010110100001001001001001100101000101010100
0010101001001001101010000110010001101010000010011001000100000101
1000101010100001010100100100000110000110100001001010101000000010
1001001001000110011001101001010100100101001001011000101000011010
0110011010100001100110100001011010000110100010011010101010001010
0101010100000000010101001001101010010100001001000100001000101010
1000000010100000001001100101100100101001010110011010010000011010
0100101001000110010000001010010100100000101001010001001010010100
1010010110000001010100101001000000000110000000000101100010000000
0001000000101010010101001000101010010101000001000110001001101000
1010010010000000010101100100100101100101000100001010101001010010
0110001000000110010000001001010100100110101000011001001001010110
0010010010100001000101101001010100100110100000001010001010001001
0001000100100100010101010001101010010100010010010000011001100010
1000000010000100010101000100100110100101100000001010100001011010
0100001001000010010000101001001010100100001000011001011010010000
0110010100100001000101101001010000100100000010101000011010011001
1001000100100000010101010000101010000010000010010110011001100000
1001100110100101010101100100100101000101100000011010100001011010
0010001001100010010101001001011010100101001000011001001000010100
0110010110100101100101101001010000100110100100001010101010001000
0101100110100100010101100000101010010110011001010010011001101000
0110000001101000101010011010011010011010010101100101010110100101
0001100110000101101010010110100101011000010110100110010101101001
1001100001011010011010010110101010011001010101000101000101100110
1010011001011010101010010110010101101001000110000001100110010110
1001000010010101010101100101100101100100100000011010101001011010
0010011001001010010101101001010010100100001001011001001000010110
0110010010100101100101101001010101100110101010001010011010011001
0101100110100100010101001001101010010110001010000110011001101000
0100101010101010101010010000011010010010001000000100000010100100
0101000110000100101010100110000001011000000100100110000100100001
0001101000011010001010000110101000011010010000010101000001100000
0000011001011000000010000000010110001001000101100000100110010010
1001100010000010101010010000011010001001010100010110011010000010
0101000010010001100000100010000001001001010101100110100110100001
0000001000011000001010010100101000000000010000010101100001100010
0001011001001010001001100010100010000000000101100001100110011010
0100101010100110100010000100010110101000001000000110010101010101
0101101000001001011010101000100100001010010101010001001010010101
0110010101011001011010010101100001101000001010100100001000000000
0001000000101010010010001001100010000000000101100110011000100110
0010010010001010011000000110010000000010000000001001001010001010
0100010010000110000100100010000101011010100000010110000001000000
1000000100000000101000001000000000010010101010011001000101001010
0001000001000000100000011000010000101001001010010101010100000100
0000100000011010011000010101011001011000011000010100001000010001
0101010000100010000101101010010101100101010100100101001010000100
0000010010011001101010010100000001000010101010010100010000101001
0001000101011010010100000100100010100010100001000101000000011000
1001100000010101000100000000100000011000001010010100100000000000
1001010001000000100000000001011010100000001000000010011000001010
0110010001100010100000000101100000100110001000011010000000000000
0001000000001000010001000000000010100010000000000000001001010001
0100101010011010001010010110010110000110001000101001100010000101
0101001000000010001010100100000000010010000100101000000110001001
1000001001011010001001000010100010000010000010010001000001100000
1000000101011000001010011000010010001000100000000010000110010100
1001100000100001100100100101101010011000001001000110001000100101
0101010001000110010001010001000010010100001010011000011010011001
0100100101100001000010010101101001010100000100011000100110010010
0000000010101010010001000101101001001000101001100110000000011010
0100100101101001101000101000001010010001010001100100001010100101
1000010101100000000101010101101010011000000010010010010100101001
0101100101100110001010000100101001000000010100001000000101010110
0010001010001001101000010000010001001000101001100010000100010101
0001000010000010100001000001100100001001010110011010010000011010
0100101000000100010000101000010001101001001001001000101010010110
0010011010001001010101101000000100010100000000100100001010100001
0001000000101010010110100001100000000110000100000110011001101010
1000010010011001011000100110000101000110101000011000101001011001
0110001000000000011010101001000101100100010001001001001000010110
0100011010000001100101101000010110000110001010101010011010001000
0001000100100001010101000110100010010110100000100101001000101000
0100000000001010101000011010011000000010011000100001010000100101
0010010010000001101010100110100000011010000100100000000101100001
1001101000011010011001010010101001001001011010000001000101010000
1001001001000000101000000010010001001001010110100001000110010100
0100001000101010101010011000010010001010011000100101011010100101
0101010110000001101000000110000100011010000100100110000100100000
1001101000011010011000000110101001001001001000010101000001100000
0000010001011000100010100000010101101001010010000001000110010100
0110101010000000010010010001100100100010100000000100001000010000
0100100110010010010000101001010100100010100000000101100000010110
0000010010000000001000100000010100000010101010011010000000100000
0101010101000001010100010001100010000101001010000000011001000000
1000000101100101000100100110100001000101000100001010100000001010
1010001001100001000101011000001000100101001010011010001000010000
0010010100100101100100001001010000100101000101001000100010000010
0000100010000110000001000000001000100110000000010010001001101001
0110011000001010101000011000011000000110010001100100000110100000
0100000110000101100000000110100001011010000100000100000101101001
1001100000010010011000010010100010011000000000100001000100100110
0000001001010001101010010000010001001001001010000000100110010100
0110010101101001101010011010001010001000010001100000000110100001
0010100110000001100001010110101001011000010110100110000101101001
1001100100011010010000001010100010011001010101100101000100010010
1010010101011001101010010110010101001001100010010001100110010100
0100000010001010001000010000011010001010010100000001011000000101
0100000110000000000000100000000100000000000100100101000110100010
0001010000011000011000010110000000101001001000000100000001011000
0000010001001000000010010001100100001010000110100101000110010000
0101100001001010000010010000011010011001010110000100010001000101
1001100100010010000001100001010000000010100110100110000100100010
1001010001011001001000010100010000010010100100000101000000000101
1010000000011000000010000001100001100010000010100100010100000100
0010010000000110100000100000101010001001010110010000010000101001
1001001001100001000100101010100110010101100001000101001000010110
0101010101100010101010010001010101010001000001000101010001011010
1000001000100100001010100101010000001000101010010100011000000110
1000010000000000000000000101010001101010000100100001010100000000
0000000110000010010010010010010100000100010010010001000001010100
1000000000000001010000010101000001001000001001000001100000011000
0001000101010100000110100001000010100101010110100101010100000101
1000010000001000000100101010011000011010011010000101001000101001
0000010001100001100001100110010110010001101001010110101001010010
0001001000010110010010010100100110011001000101010001010001010100
0100011010100100101010100101000101001000011000101001100101011000
0000010000100101010101101001100101000100100001000000100100001001
0010000001000001000001000001000001100101101001011001010101010001
0110010010100101000110100110000010000001000100100000000010100100
0010000110010101000001100101101001000000011010011000001001101000
1000000000100000100101100010100100001010010110101000010000101001
0001000100010101000101000100100000001001100100011001010110000001
0110000001000010100110000001000000100110010100011010010000000110
0001000010010001001000100001101010000101010010100101010110010000
0101100010010110001010010101010010001000101010010110001000010100
1001001000011010010000100001010010010100100001000000101000000110
0000000101011001010001000110101001000110101010100010001001011000
0000011000101000010100001000000110011010101001100010011001000101
0001100010000110000010000110010010001010101010000010001000010101
1001001000010000010101100001001000010101100001000000011010000000
0010000101011000010000100000001001100110101010011010001001011000
0110010010101001010110100000000110011000100001100110010000010000
1010010101001000000100001010000100000100010001000000000010100010
0000100100100101001010010010000100100000010010000010000100001001
1001101010100100100010100100010110001000010101000001100110100101
0000100110010110100000000100001000100101010010000001100110011010
0101001010010100001000000101001010001000101010000001000001010001
0000011000011010100101101001000001010000100001000001001010000110
0110010101011010010101010010001001000000101010001010011001011010
1000011000101001010000000000000101011010100001000000011001000101
0100000100010001011000011000011000000101000001010101010000000010
1000010010101001100010000110000001000110010001011000100100000000
1001001000000010001000000110100100011000011001100001100110100010
1001101000010110100000010000010001010110011010000100100100010100
0101011000010100101001100001000010101010101010010001000000000001
1010010010011010100101101000000001010001100001010001011010000110
0110010101011010010101011000000101100010101010101010011001011010
1000011010101001010101010000010101011000100001000000011001000000
0010000000101001001010010010010101000100010001100101010110101000
0101000110000100011010010110000100000010010110100010100101101001
1001100010100110101010010110100010011010010101011001100110100101
0101010001010100101000000000011000000101011000000001100110010110
0101100000010110000101000101001010001000100010011010101001010101
1000011001011010000101101001010000000001001001010001011010010110
0110010001011000010101001001000001100100101010000010011001011010
1001000010101000010100100010100100011010100001100110011001100001
0100000000100100001000000010000010000000000010100100000100100001
0000000000000001000101000100100001010101100001010000010001000100
0100010101010010010100000000000000011001101000100010000000010010
1010011010000001000000100010000001011000001000010110000000010001
1010000000101010001010011001010110000000010100000010011000100101
0101100100010010011010000010000101100010000010100110100000000001
1000101010010000101010000110001010010000000100010101100100100101
0100011001010000000010000001100000000010000100010000000110011010
0010000110000000100100010000010000000010000101010001011000000100
0110100000010100000000000000000101100010000110100100100100100010
1001100101010001001010010110010010001001000100000101000100100101
0101011001010001101010000001000001100000100110010000000100001010
0100000010100100001001000010100101000000100010100101100110001000
1010010010000010000100100100100001010100101010100000100001000000
1010010110000100010001101010000010010010000000101000101001010100
0110011000000101001000001000011010000101000000011000010001000001
1001000000101000000000000110010101010001011000000100101000100110
0100100000100100001000000010010010100110010110100010000010000100
0101000101000100101010100000000110001000000000010101100000001001
0000000001000010001000100000100010011000011001001001100110010010
0000000001100100000000101010100110000000100010101010100100001010
1000000000010000010000101010001000010001101001011010011001000001
0010100010010100100101101010101010001010000100011010100000100101
0010000100000001000100000010000010000000010100001010001000010001
0010100010101000011000010100010110000010000000010001000000000100
0100100100001000010010000010011000101010010010101000100101000001
1000101000010000000000000010011010010000001010010001101000100100
1000101001011010101000001000000000000010010110101000010110010101
1010010101101001100001101010100101100101010101101001010110101010
0110100100100101100010010110100001101001010110010010010101101001
1001101010100110101010011001010110011001010101000101100110100110
1000100101010110101001100100011001100101010110010101100110001010
0001100010000110000010000100010010011010101010000010001001010101
1001011000010010010001100001010000010100100001000001001010000010
0010000101011000010100100100001001100110101010011010011001011000
0100011010101000010110101000100110011000101001100010010001010101
1010010101001001010101001010100001000100010101100000000010101010
0000000100100101101010010000100100101000010010000000000101010001
0001001010100100100010100000010110011001010101010101000110100100
0001100000010110100000100101001001100101010010010001100110001010
0010010001001001011001011000100001000100010101000001000100101010
0010000100100101101010010010100100100010010010000010000101000001
0001001010100100101010000000010100011001010101100101100110100100
1000100001010110101001010100011001100101010010011001100100101010
0001100010000110100100000100010010011000101010000000010001010001
1001001000010010000101100100000000010000100000001001011010100110
0010000101011010010100000010001000100110101010001010011001010010
0000010010101001010001100010000010011010100101101010010001010001
0101001010010110001000000101001010001010101010010100010000010000
1000011000011000100101101000011001010100100001000001011010000110
0110000101011010010101000000100001100110101010101010001001011010
0000011010101001010101000010000100011000101001100010011001010001
0101100010000110100101000101010010001000101010000010000001010101
1000001000011010000101101000011001010001100001000100011010100110
0110000101011000010101100000001000100100101010001010011001011010
0000011010101001010000100000000000011010101001100010011001000001
0101000000010100001000000001000010001010101010000100000000000100
1000010010011000100101001010001001010001100001010001011010000100
0110010101011010010101001000100100100010101010101010001001011010
1000011010100001010000000000000100011000101001100010011001010000
1010100000101000001010010010000000010100010001100000010110100000
0101100000100101001010010010010110001010010110100010100101001001
1001101010000000100010010110001000010001010101010101100100100101
0000000101010000100010000001001000100100010110000001100110010010
0001101010011010001010010101011010001000100010010110011001010101
1001010001011010010010101010010000100110000000100001011010100110
1000000001011000011001010000001001100101101010000001001001011010
0110011000101000010100010001000100011010100101101010011000000000
0010010001000001000001001010000101100100010001000100000110000000
0000010000100101000101010100000010001010000101010001010101001001
0101100100100110010000010001100010000010000101101010100010100110
0110000100010100001000000100001001000001001000010001000001100000
0100010100000101000001101010100101100100100000100110100100001010
1010010000100001100100010101101010010000101001011001011001010000
0110010100100100000101101001000000001001010000101010001010010010
0010000110100101001001100110000000001001001010011000011001000001
1010101010100000001000010101011000000000011001000000010010000001
0101000110000110011010101010010000100010010100100110100000000010
1000100010011000000010000000100001000000001001010000000001001000
0100001001011001100100010101000000100101100100001000100000010100
0010011000000100000000101010000101010010101000100010100100101000
0010000010000001000100010101100110010101101001000001010001011000
0100000101000100010110001000100000010101100101001010100100001010
0110001000000101000010100100000001011001101000011001001001001000
0110010000000001000000100000100101100100100110011010010100001000
1000001001000000100100000000101010010000101001010000101001010100
0000000110100100000101011000000010010000000110101010001010010000
0000000000100101101001100000000100001000001001010000011001000101
1001000000000100100001100010100001011001001000010110000101000010
1010000010101001100101010000011000100001000001010001010010000110
0100010101000100000000101000100001101001011001101010001010011010
1001101000100000101001000110010100000000001000010000011001000001
