0101101101111000010001011010000001100001111000101100011110110100
0101100000001011111000010111111000000101001100100000110011000000
1011000101110000000111011010001011111111100000000001011110111110
0111101111001011101001000000111010100111001011110011010010110010
0110010010101100000000010001000111001111111011100100001010001101
0011010000010000101111101000001111011100111101000111110110011110
0111101110111110000101101101011000100111000011010001101011101000
0111110101110000101011100011100101011011010011010101001100001100
0101001111101101110000110110010010011101101001010111010111101110
1110001001000101100100001000111101101000100101100001101101010010
1111011110001110011001100000010011001010011100101001100100110010
1110100111100100111111110101000011100011000011100100000100100001
0101101100001000010000010010110010100110111011111100011001110101
1011010101110000111010000000101100101100011010101111101111101011
1010000111010001101011011011101001111111011000110001011100011111
1001111010000001100101010111011100001110000110000101110110111001
1111111100110101110110001111011110000100000111100011111011001001
0110110100110101110011101000100000011011010111000010010111000000
1000000000000111111001100010101111110001011110110110111111101111
0110000010101101101011111101110001111001001110110011111101100110
1011111011100100001101101001110000101100000011111100001101111011
0011110111001011010110111011110100001100010100011110011000101100
0000100010011000010100011101111111001101101010000010001011101010
1010101010011110010100101010001010010011100110101100100101100100
1100011010100100110111000100101001111101101000110100001010011100
1010110011101000011111100101111010111000000000011000111011101111
0100010110100001010100111111111110010110111101011111011001111111
1111100011101100011001001101101100011010100000011000010110111111
1001111010010101110011101000010101110111001011111000001100111010
0000100110101110000011111001111010111010001010010101010110110111
0000111000111100100111001110111011010001000000110000110111111100
0111000100001101101011000110001111111110111101010111111111101110
0001011000101001100101010111110010010000111111111001001101010110
1110011000000111000111110001000011100011100110111000111001110110
0100101000000000100100010111100100111010100101111101100110010100
0100100101001011111001110011000101010000111000101010001011110011
0111101001001011000101101000111100001111010111111100011011010100
0111110011010010100010101100101011101011011110100011010101100110
0101111010001100010011001010100111001001101110100110101110001000
1100001001010100101101101010000110111110011101011110101101001110
0110011111111001010111101011001110000001011001011001100111111111
1110110011110010010010001101011100010010101000111011011011010001
0011001000000100000000110111011000100100010100101101010010010110
1010111010011100100011010110101111011010010101100011101110001011
1110110100110010010000100100110001001101101010100100001100110011
0110001011001001110111010110001111001101000111100100100000111000
1101101101010010111010010110001000100101001001111000111011001001
1111000101000101101111011100110110011001011110001001001011101110
1110000111011010011100000011101111110011010011001011011011011001
0010110010101100000111100001001010110110101001011101110000110000
1100101100101000100110101010010001111110111111110111110001010111
1110100101011111101010101010011101111101001101011100001100100100
0101000101000101111111100111010000111000010000111111001101001001
1100011011101111111001000011000011111000101011101111101001010011
0110000011001000001110111010011111010001101100101011010000011111
0101101011110001101100101110011100100100110010001000010100101101
1001101011100010001100010101011000110100001010111001111101110001
0001000110101100101000110101010101110100110110010110111101110001
1110010111011001110101000010001001101000011110000110001101010110
1111101101110000011110000100011100101111001110101010111110110110
0110110100110111000100001000011110110011011110111101011001000010
0101001101011101010100001111010101010100101101110100101100000101
0110111011011010010110111111101011101111001100010110000101000000
1011001111000000011100001001000000110001101011001101110001000001
